50
0 49
0 26
0 12
0 29
0 21
0 39
0 34
0 38
0 47
1 12
1 3
1 9
2 38
2 28
3 18
3 36
3 24
3 9
3 13
3 40
3 17
4 24
4 44
5 38
6 48
6 11
6 36
6 42
6 43
6 41
7 13
7 5
7 31
7 1
7 12
7 34
7 19
7 29
7 40
7 45
8 25
8 13
8 36
9 39
9 46
9 2
10 22
10 13
10 45
10 20
10 43
11 26
11 9
12 45
12 13
12 27
12 25
12 44
12 39
12 43
12 34
13 40
13 32
14 40
14 19
14 42
14 22
14 28
15 11
15 16
15 24
15 26
15 43
15 6
16 20
16 34
17 8
17 46
18 34
18 13
18 8
18 33
18 47
18 22
18 39
18 27
19 46
19 22
19 37
19 49
20 30
20 17
20 29
20 43
20 40
21 32
21 40
21 38
22 29
22 38
22 39
23 49
23 40
23 19
23 1
23 30
23 3
24 47
24 27
24 16
24 14
25 36
25 30
25 9
25 13
26 29
26 34
26 28
26 36
26 5
26 25
26 4
26 42
26 8
27 43
27 37
27 34
27 16
27 32
29 17
29 5
29 39
31 15
31 10
31 43
31 17
31 36
31 3
32 2
33 28
33 41
33 37
33 49
33 39
33 34
33 16
34 5
34 2
35 4
35 24
35 19
35 1
35 22
35 14
35 21
35 7
35 36
36 43
36 30
37 46
37 29
37 39
37 30
39 28
39 2
40 46
40 9
41 25
41 19
41 39
42 39
42 47
43 21
43 30
44 39
45 6
45 37
45 28
45 15
45 14
45 2
45 9
45 43
46 30
46 44
47 38
47 33
47 39
47 43
47 8
48 33
48 34
48 20
48 3
48 21
49 30
49 20
49 2
49 34
49 38